7.112420460474684347e-01 5.299428840691268183e-01 0.000000000000000000e+00
8.557478492050106800e-01 6.595079055714946348e-01 0.000000000000000000e+00
3.567805100806110685e-01 2.935090117811545163e-02 0.000000000000000000e+00
9.609139867337741503e-01 4.632732720372545465e-01 1.000000000000000000e+00
1.951163983602355323e-02 9.194419096293120486e-01 1.000000000000000000e+00
5.673889796106219574e-01 8.250373239524614322e-01 0.000000000000000000e+00
4.933734778932933329e-01 3.784169871727416368e-01 0.000000000000000000e+00
5.056107260889927124e-01 7.563321331295801420e-01 0.000000000000000000e+00
8.321652343967528287e-01 9.638391114200162146e-01 0.000000000000000000e+00
5.795611541880925088e-01 4.734097234919606434e-01 1.000000000000000000e+00
