8.296664593338214377e-01 3.434687981500366138e-01 0.000000000000000000e+00
9.220020164615518876e-01 6.163334495865480100e-01 0.000000000000000000e+00
9.141613244092037238e-01 3.576364030690628582e-01 0.000000000000000000e+00
9.034540346670207889e-01 6.434044088671816430e-01 0.000000000000000000e+00
9.807579192358850673e-02 2.522560848708809145e-01 0.000000000000000000e+00
8.627996078645002731e-01 6.814595250738101351e-01 1.000000000000000000e+00
8.121586895160349817e-01 8.432934670900582574e-01 1.000000000000000000e+00
1.855343306136394421e-01 3.268280272477654957e-01 1.000000000000000000e+00
7.771213245735786312e-02 6.326803876318964903e-01 1.000000000000000000e+00
6.949303750492042964e-01 9.675977096135557343e-01 1.000000000000000000e+00
